1.4297
1.4254
1.4342
1.43
1.4333
1.4224
1.4263
1.4252
1.4303
1.4332
1.4478
1.4559
1.4582
1.4581
1.4621
1.4656
1.4709
1.4741
1.4702
1.4682
1.479
1.4734
1.4666
1.4669
1.4619
1.4588
1.4641
1.4545
1.457
1.4649
1.472
1.4691
1.4793
1.4708
1.4773
1.4853
1.4923
1.4948
1.4893
1.4964
1.4945
1.5016
1.5032
1.4995
1.4875
1.4804
1.4704
1.4822
1.4716
1.4775
1.4723
1.4861
1.4872
1.4845
1.5
1.4992
1.4985
1.4848
1.492
1.4969
1.4876
1.4963
1.4925
1.4861
1.496
1.4968
1.5133
1.5018
1.4967
1.5005
1.508
1.5044
1.5052
1.4845
1.4826
1.4702
1.4725
1.4731
1.4628
1.4656
1.4537
1.453
1.4337
1.4335
1.4276
1.4249
1.4337
1.4358
1.4378
1.4352
1.4338
1.4326
1.4412
1.4365
1.4406
1.4307
1.4416
1.4512
1.4484
1.451
1.4499
1.4379
1.4383
1.4287
1.4106
1.4083
1.414
1.415
1.4071
1.4023
1.3971
1.3865
1.393
1.3963
1.3893
1.3723
1.3664
1.3648
1.3796
1.3736
1.3692
1.3616
1.3599
1.377
1.3606
1.3524
1.3594
1.3595
1.3507
1.3538
1.3547
1.3615
1.3559
1.3614
1.3696
1.358
1.362
1.3633
1.3601
1.3656
1.368
1.3761
1.3676
1.3765
1.3737
1.3607
1.3536
1.3557
1.3497
1.3313
1.3272
1.3414
1.3482
1.3413
1.3509
1.3588
1.349
1.3483
1.3398
1.3343
1.336
1.3493
1.3591
1.3612
1.3653
1.3572
1.3509
1.3489
1.3434
1.339
1.3294
1.3373
1.3382
1.3173
1.322
1.3233
1.3313
1.3194
1.2986
1.2813
1.2621
1.273
1.2786
1.2662
1.2613
1.2534
1.2381
1.2396
1.2201
1.2414
1.2485
1.2572
1.2371
1.2344
1.2177
1.2361
1.2268
1.2304
1.2229
1.225
1.2162
1.1965
1.1923
1.1972
1.1978
1.2123
1.2093
1.222
1.2332
1.2309
1.2388
1.2373
1.2312
1.227
1.231
1.2333
1.2384
1.2276
1.2187
1.2236
1.2526
1.2549
1.2537
1.2625
1.2637
1.2697
1.2639
1.2596
1.2724
1.2743
1.2948
1.2926
1.2941
1.288
1.2753
1.2892
1.2914
1.2993
1.2995
1.2994
1.3078
1.303
1.3179
1.3229
1.316
1.3187
1.3291
1.3221
1.3175
1.2862
1.2828
1.2752
1.2825
1.288
1.2849
1.282
1.2708
1.2656
1.2626
1.2658
1.2715
1.2732
1.2662
1.2679
1.2807
1.2824
1.2895
1.2876
1.2682
1.272
1.2694
1.2709
1.2882
1.2997
1.301
1.3077
1.3036
1.306
1.3263
1.3405
1.3313
1.3491
1.3453
1.3584
1.3626
1.3634
1.3779
1.3684
1.3838
1.393
1.3925
1.3928
1.3877
1.3924
1.3961
1.4083
1.3973
1.3933
1.3726
1.3963
1.3919
1.3928
1.3964
1.3857
1.3766
1.3929
1.3917
1.3891
1.4032
1.4137
1.4207
1.4033
1.3919
1.3772
1.3782
1.3666
1.3692
1.3585
1.3487
1.3527
1.364
1.3685
1.3624
1.3365
1.3333
1.336
1.3247
1.3124
1.298
1.3137
1.3207
1.3411
1.3306
1.3259
1.326
1.3236
1.3227
1.3391
1.3377
1.3212
1.3241
1.3184
1.3128
1.3099
1.3098
1.3112
1.3115
1.3162
1.3114
1.3225
1.3289
1.3365
1.33597
1.33064
1.31482
1.30014
1.29082
1.29498
1.29731
1.31341
1.3362
1.33726
1.32924
1.33867
1.3472
1.34713
1.36133
1.36364
1.36813
1.37111
1.37319
1.36068
1.36921
1.38273
1.38088
1.36326
1.35863
1.35812
1.3624
1.37308
1.36015
1.35461
1.3487
1.34851
1.35672
1.36074
1.36843
1.36749
1.36487
1.37476
1.37988
1.37515
1.3805
1.37757
1.38637
1.39681
1.39838
1.3966
1.39035
1.39073
1.37966
1.39013
1.39903
1.39972
1.38982
1.40199
1.41671
1.42251
1.41952
1.40861
1.41757
1.40739
1.40858
1.41112
1.41254
1.41562
1.42216
1.42192
1.42211
1.43305
1.43069
1.44551
1.44346
1.44759
1.44418
1.44856
1.44258
1.42311
1.43329
1.4521
1.45512
1.45454
1.45783
1.46427
1.47856
1.48214
1.48091
1.48287
1.48237
1.48254
1.45246
1.43136
1.43644
1.44085
1.41912
1.4245
1.41171
1.41549
1.4236
1.42482
1.43083
1.41593
1.4047
1.40991
1.40872
1.41435
1.43175
1.42806
1.43923
1.4327
1.449
1.46344
1.45752
1.46903
1.45821
1.45094
1.43456
1.44122
1.44396
1.41786
1.42072
1.43097
1.43038
1.441
1.43544
1.42556
1.41872
1.42865
1.43703
1.4434
1.45012
1.45263
1.45382
1.44284
1.43193
1.43625
1.42629
1.40288
1.39748
1.41575
1.41416
1.4156
1.41115
1.41529
1.42147
1.44234
1.43565
1.43762
1.45092
1.43673
1.43305
1.43965
1.42494
1.42025
1.43215
1.40901
1.42806
1.41764
1.43743
1.41766
1.42391
1.42456
1.44417
1.44072
1.44246
1.43319
1.43948
1.43571
1.44397
1.44135
1.43775
1.4498
1.451
1.44409
1.43685
1.4259
1.42034
1.40969
1.39968
1.40972
1.38818
1.36543
1.36774
1.36779
1.37535
1.38764
1.37925
1.36856
1.37025
1.35718
1.34646
1.34993
1.35327
1.35855
1.35427
1.3596
1.33853
1.31757
1.33479
1.33473
1.34363
1.33759
1.36419
1.36387
1.37906
1.37758
1.38797
1.37371
1.37513
1.37595
1.37783
1.38924
1.39285
1.39066
1.39048
1.4188
1.41464
1.38562
1.36952
1.37466
1.3813
1.37898
1.3764
1.38319
1.35361
1.36008
1.37465
1.36277
1.35382
1.34604
1.34552
1.35075
1.34883
1.35056
1.33421
1.33452
1.32355
1.33188
1.33153
1.3445
1.34595
1.339
1.33999
1.34
1.34109
1.33401
1.33852
1.31866
1.30358
1.29821
1.30146
1.30451
1.29966
1.30811
1.30466
1.30497
1.30399
1.30582
1.30693
1.29403
1.29603
1.296
1.29334
1.30508
1.29429
1.27876
1.27183
1.27639
1.27775
1.27055
1.28138
1.26785
1.26656
1.27363
1.28626
1.2968
1.293
1.3012
1.30346
1.31056
1.31079
1.32184
1.31426
1.30822
1.31595
1.31431
1.31562
1.31288
1.32601
1.32595
1.32847
1.31955
1.31853
1.31326
1.30655
1.31294
1.31382
1.32419
1.32324
1.32479
1.3372
1.34471
1.33965
1.34573
1.33236
1.33096
1.31967
1.32161
1.3112
1.31486
1.32734
1.31198
1.31528
1.30824
1.30315
1.30792
1.31736
1.32374
1.32232
1.32147
1.31993
1.32684
1.3356
1.33132
1.33157
1.33014
1.33422
1.33195
1.32323
1.31415
1.30646
1.3094
1.31045
1.30809
1.31085
1.31867
1.30766
1.31408
1.31259
1.31218
1.31367
1.32178
1.31552
1.31957
1.32157
1.32171
1.32517
1.32381
1.32362
1.3157
1.31512
1.30828
1.30497
1.30043
1.29287
1.29348
1.29158
1.28219
1.27283
1.2715
1.26969
1.27775
1.28161
1.26825
1.25804
1.25311
1.25151
1.25399
1.25018
1.23654
1.23627
1.24334
1.24976
1.24511
1.25798
1.25593
1.2515
1.24817
1.25026
1.25561
1.2632
1.26361
1.25749
1.26845
1.27049
1.25393
1.25689
1.25031
1.24906
1.24679
1.24425
1.26659
1.25739
1.26066
1.25254
1.23906
1.22859
1.23116
1.22487
1.22377
1.22025
1.22484
1.22718
1.22936
1.22823
1.22796
1.21557
1.21163
1.20599
1.21578
1.22814
1.2321
1.22596
1.23027
1.22242
1.21789
1.23847
1.23997
1.23983
1.23643
1.2305
1.229
1.23321
1.23204
1.22889
1.23549
1.23354
1.23437
1.24712
1.25281
1.25622
1.25112
1.24984
1.25643
1.25288
1.25059
1.25732
1.2592
1.25646
1.25997
1.26301
1.28156
1.27583
1.28545
1.28984
1.29867
1.31281
1.31163
1.30472
1.30481
1.29675
1.29779
1.29296
1.28995
1.287
1.29118
1.28565
1.28877
1.29187
1.29041
1.30163
1.30345
1.2967
1.28842
1.28747
1.29266
1.29503
1.29476
1.30525
1.31186
1.30653
1.30189
1.30592
1.29843
1.2971
1.29332
1.29397
1.29031
1.29589
1.29586
1.29417
1.28362
1.27942
1.28143
1.27702
1.27457
1.27078
1.27084
1.27033
1.27358
1.27803
1.27425
1.28126
1.28165
1.28289
1.28817
1.29731
1.29713
1.29422
1.29526
1.29786
1.29848
1.30521
1.30934
1.30658
1.29669
1.29231
1.294
1.30047
1.30729
1.30762
1.31618
1.31629
1.32274
1.32262
1.32431
1.31879
1.3177
1.32228
1.32349
1.32152
1.31844
1.31841
1.30475
1.30676
1.31154
1.30811
1.30632
1.32702
1.33425
1.33786
1.33036
1.32878
1.33761
1.33165
1.33118
1.33203
1.33168
1.33764
1.34608
1.34538
1.34907
1.35662
1.35753
1.36389
1.35121
1.35825
1.35207
1.33956
1.33627
1.34049
1.34523
1.34503
1.33616
1.33602
1.33501
1.33874
1.3281
1.31879
1.31904
1.30611
1.30598
1.31377
1.30553
1.30178
1.30253
1.30501
1.29659
1.3106
1.30037
1.30451
1.3033
1.296
1.30037
1.30752
1.29549
1.28798
1.29317
1.2897
1.29874
1.28515
1.28599
1.27792
1.2815
1.28181
1.28478
1.2818
1.28462
1.2935
1.29885
1.30072
1.30814
1.30689
1.30996
1.31095
1.30328
1.31756
1.30304
1.30492
1.30508
1.30643
1.2993
1.3014
1.30101
1.30279
1.30962
1.31664
1.31776
1.30636
1.31125
1.30751
1.30768
1.31513
1.30408
1.29884
1.29738
1.29187
1.28838
1.28809
1.2836
1.28813
1.29053
1.28577
1.29327
1.29296
1.29279
1.28545
1.29389
1.30483
1.29936
1.30748
1.30798
1.30903
1.32444
1.3216
1.32559
1.33123
1.33357
1.33742
1.33439
1.33651
1.33915
1.32935
1.32182
1.31207
1.31175
1.30754
1.30109
1.30373
1.30079
