1.1769
1.1695
1.1874
1.1898
1.1706
1.1739
1.2143
1.238
1.2237
1.2579
1.2661
1.2285
1.2436
1.2401
1.2602
1.2703
1.2398
1.2573
1.2717
1.2666
1.2636
1.2612
1.2631
1.2844
1.3039
1.2929
1.2923
1.276
1.2558
1.2515
1.2398
1.2398
1.2429
1.2394
1.2622
1.2517
1.2756
1.2926
1.2904
1.2804
1.288
1.3215
1.3374
1.3832
1.3891
1.4145
1.3778
1.4289
1.4023
1.4061
1.4408
1.4086
1.4244
1.3482
1.3527
1.4197
1.3892
1.392
1.3986
1.413
1.4152
1.4042
1.404
1.409
1.4168
1.3977
1.3524
1.3244
1.3295
1.3384
1.3316
1.3173
1.3728
1.3696
1.372
1.3711
1.401
1.3886
1.3793
1.382
1.3889
1.3776
1.3554
1.3526
1.3573
1.3611
1.3603
1.3544
1.3538
1.3214
1.3116
1.3208
1.3227
1.3504
1.3529
1.3276
1.3148
1.3275
1.3275
1.3224
1.3175
1.2996
1.2893
1.2815
1.2813
1.2806
1.2748
1.2663
1.2839
1.2772
1.2819
1.277
1.2809
1.28
1.2844
1.3108
1.32
1.3251
1.3261
1.3104
1.3242
1.3189
1.3111
1.2921
1.29
1.2829
1.2767
1.2779
1.268
1.286
1.2923
1.2929
1.2959
1.297
1.2704
1.2639
1.256
1.2605
1.2591
1.2479
1.2335
1.2091
1.2008
1.1948
1.1764
1.1587
1.158
1.1572
1.1413
1.1546
1.1599
1.1642
1.1599
1.1361
1.1429
1.132
1.1308
1.1591
1.1554
1.1549
1.1454
1.1339
1.1253
1.131
1.1238
1.1154
1.0982
1.0911
1.0641
1.0501
1.0593
1.0753
1.0745
1.0819
1.0846
1.1041
1.1016
1.1113
1.1132
1.1172
1.1032
1.1019
1.1334
1.1451
1.1302
1.1253
1.1091
1.0976
1.0997
1.1013
1.1027
1.0851
1.0735
1.0665
1.1003
1.0686
1.0806
1.0761
1.0746
1.0767
1.0802
1.0921
1.0855
1.0876
1.0752
1.0887
1.0979
1.1036
1.1092
1.1128
1.1035
1.1185
1.1034
1.111
1.0942
1.1067
1.0947
1.0885
1.0893
1.1075
1.1096
1.11
1.1077
1.0952
1.0989
1.123
1.1386
1.1596
1.1593
1.1713
1.1962
1.2133
1.2172
1.2002
1.1902
1.1746
1.1683
1.1624
1.149
1.1728
1.1927
1.1812
1.1681
1.1724
1.1585
1.157
1.1588
1.1368
1.126
1.1306
1.1058
1.1029
1.0818
1.09
1.089
1.0765
1.0786
1.0792
1.0703
1.061
1.0575
1.0757
1.066
1.0594
1.043
1.0373
1.0514
1.0401
1.0428
1.0247
1.02
1.0201
1.0525
1.0708
1.0733
1.0566
1.0679
1.0466
1.0613
1.0367
1.0425
1.0439
1.0723
1.0634
1.0878
1.0693
1.0521
1.0417
1.0319
1.0302
1.0173
1.0032
1.0133
1.0075
1.0138
1.0086
1.0301
1.0126
1.009
0.9745
0.9838
0.9808
0.984
0.9745
0.9601
0.9635
0.9729
0.9785
0.9576
0.9552
0.9583
0.9389
0.9112
0.8955
0.9153
0.8975
0.9324
0.9468
0.9533
0.9648
0.9363
0.9527
0.9482
0.9386
0.9365
0.9228
0.9084
0.904
0.9071
0.9025
0.9006
0.867
0.8532
0.877
0.8848
0.8687
0.857
0.8425
0.8393
0.8677
0.8611
0.8485
0.8383
0.88
0.8899
0.8967
0.9237
0.9426
0.9579
0.9522
0.9348
0.9249
0.9365
0.9246
0.9148
0.9197
0.9366
0.9335
0.8983
0.889
0.8755
0.904
0.8882
0.9027
0.892
0.8939
0.8768
0.88
0.8605
0.848
0.8506
0.8615
0.8573
0.8494
0.848
0.8546
0.8713
0.8776
0.8843
0.893
0.9182
0.9148
0.9126
0.9076
0.9206
0.9145
0.9114
0.9185
0.9114
0.8989
0.8923
0.904
0.8943
0.8843
0.8783
0.8966
0.8904
0.9042
0.8888
0.8849
0.8945
0.8924
0.8847
0.8652
0.8621
0.8729
0.8736
0.8757
0.8655
0.8747
0.8826
0.8773
0.8723
0.879
0.8807
0.8919
0.9015
0.917
0.9142
0.9207
0.9206
0.934
0.9427
0.9456
0.9705
0.9912
0.9732
0.9906
1.0118
0.9873
0.9867
0.9703
0.9852
0.9731
0.9822
0.9817
0.9716
0.9822
0.9808
0.9792
0.9872
0.9725
0.976
0.9965
1.0133
1.0099
0.9967
0.995
1.0099
1.0238
1.0269
1.044
1.0425
1.0585
1.0669
1.0827
1.077
1.0819
1.0793
1.0775
1.0806
1.1008
1.0749
1.0528
1.0785
1.0734
1.0749
1.0882
1.1033
1.1233
1.149
1.1597
1.1841
1.1774
1.17
1.1873
1.1608
1.1435
1.1492
1.1284
1.1269
1.1507
1.1277
1.1309
1.1258
1.0875
1.0985
1.1105
1.129
1.1385
1.1475
1.1578
1.1797
1.168
1.1792
1.1584
1.1535
1.1782
1.1917
1.1994
1.2166
1.2293
1.2378
1.2429
1.2589
1.2842
1.2376
1.2586
1.2473
1.2701
1.2742
1.2527
1.2493
1.2374
1.2219
1.2275
1.2125
1.2135
1.2095
1.1992
1.1836
1.1976
1.1888
1.1888
1.1993
1.2213
1.2285
1.2018
1.2138
1.2158
1.2319
1.2414
1.2445
1.2102
1.2024
1.2279
1.2371
1.2313
1.2011
1.206
1.2264
1.218
1.2266
1.2411
1.2409
1.2477
1.2673
1.2799
1.2965
1.2976
1.3024
1.3293
1.3459
1.3226
1.3285
1.3532
1.3562
1.3049
1.3106
1.3049
1.3047
1.2873
1.2866
1.3068
1.3244
1.3243
1.3453
1.3319
1.2957
1.2906
1.2927
1.2923
1.3064
1.2868
1.2822
1.2624
1.2559
1.2582
1.2224
1.2119
1.2281
1.2104
1.1951
1.1959
1.2041
1.2063
1.2126
1.235
1.244
1.2165
1.2286
1.2544
1.2413
1.2232
1.2048
1.2019
1.2125
1.2085
1.195
1.2068
1.1824
1.1731
1.1769
1.1726
1.1717
1.1815
1.2014
1.1873
1.1837
1.2153
1.2133
1.2136
1.2103
1.202
1.1895
1.1933
1.1868
1.2034
1.1917
1.2193
1.2035
1.2116
1.2101
1.2111
1.2346
1.2617
1.273
1.2925
1.2772
1.2725
1.2924
1.2641
1.2637
1.2512
1.279
1.2813
1.2647
1.2698
1.2751
1.2878
1.2729
1.2832
1.2759
1.2839
1.2678
1.2661
1.2788
1.2681
1.2594
1.2509
1.2619
1.2735
1.2717
1.2847
1.2826
1.3096
1.3337
1.3203
1.3083
1.3143
1.3196
1.3002
1.2917
1.2962
1.2914
1.2965
1.3004
1.3139
1.3166
1.3192
1.3114
1.3311
1.3289
1.3357
1.3373
1.353
1.3592
1.365
1.3596
1.3529
1.3511
1.3445
1.3446
1.3368
1.3379
1.3466
1.3533
1.3624
1.3787
1.3825
1.3637
1.3787
1.3694
1.3491
1.3667
1.3622
1.3766
1.3876
1.4089
1.4259
1.4134
1.4177
1.4296
1.439
1.4513
1.4669
1.4648
1.4836
1.463
1.4654
1.4423
1.4357
1.4715
1.4752
1.4777
1.4616
1.4671
1.4798
1.4512
1.4678
1.4831
1.518
1.5345
1.567
1.5438
1.5804
1.573
1.5826
1.5808
1.5592
1.5412
1.5481
1.5594
1.5774
1.5557
1.5769
1.5362
1.5625
1.579
1.5698
1.5923
1.5837
1.5698
1.554
1.5017
1.4672
1.4773
1.467
1.4234
1.4214
1.4473
1.4612
1.3804
1.3413
1.3403
1.2582
1.2742
1.2762
1.2686
1.2577
1.27
1.2715
1.3375
1.3919
1.4058
1.3852
1.3429
1.3288
1.2985
1.2804
1.2925
1.2888
1.2835
1.2676
1.2638
1.2913
1.3566
1.3298
1.3487
1.3175
1.3025
1.3242
1.3265
1.3627
1.3489
1.4001
1.4137
1.3963
1.3998
1.3946
1.4068
1.3976
1.3948
1.41
1.4214
1.4251
1.417
1.4189
1.4335
1.43
1.4303
1.4581
1.4702
1.4669
1.457
1.4708
1.4893
1.4995
1.4716
1.4845
1.492
1.4861
1.4967
1.4845
1.4628
1.4335
1.4358
1.4326
1.4416
1.4379
1.414
1.3865
1.3664
1.3616
1.3594
1.3615
1.362
1.3761
1.3536
1.3414
1.349
1.3493
1.3509
1.3373
1.3313
1.273
1.2381
1.2572
1.2268
1.1965
1.2093
1.2373
1.2384
1.2549
1.2639
1.2926
1.2914
1.303
1.3291
1.2752
1.2708
1.2732
1.2895
1.2709
1.3036
1.3491
1.3779
1.3928
1.3973
1.3928
1.3917
1.4033
1.3692
1.3685
1.3247
1.3411
1.3227
1.3184
1.3115
1.3365
1.29082
1.33726
1.36133
1.36068
1.35863
1.35461
1.36843
1.37515
1.39838
1.39013
1.41671
1.40739
1.42216
1.44551
1.44258
1.45454
1.48091
1.43136
1.41171
1.41593
1.43175
1.46344
1.43456
1.43097
1.41872
1.45263
1.42629
1.4156
1.43565
1.43965
1.42806
1.42456
1.43948
1.4498
1.42034
1.36543
1.37925
1.34993
1.33853
1.33759
1.38797
1.38924
1.41464
1.37898
1.37465
1.35075
1.32355
1.339
1.33852
1.30451
1.30399
1.296
1.27183
1.26785
1.293
1.32184
1.31562
1.31955
1.31382
1.34471
1.31967
1.31198
1.31736
1.32684
1.33422
1.3094
1.30766
1.32178
1.32517
1.30828
1.29158
1.27775
1.25151
1.24334
1.2515
1.26361
1.25689
1.26659
1.22859
1.22484
1.21557
1.2321
1.23847
1.229
1.23354
1.25112
1.25732
1.28156
1.31281
1.29779
1.28565
1.30345
1.29503
1.30189
1.29397
1.28362
1.27078
1.27425
1.29731
1.29848
1.29231
1.31618
1.31879
1.32152
1.30676
1.33425
1.33165
1.34608
1.36389
1.33627
1.33602
1.31904
1.30178
1.30037
1.30752
1.29874
1.28181
1.29885
1.31095
1.30508
1.30279
1.31125
1.29884
1.2836
1.29296
1.29936
1.3216
1.33439
1.31207
1.30079
